====================================
SCENARIO'S
====================================

#head on
agents = [
    [(10, 1),  (10, 18),  1,  2,  1],
    [(10, 18), (10, 1),   5,  2,  1],
]

#crossing
agents = [
    [(10, 1),  (10, 18),   1,  2,  1],
    [(1, 10),  (18, 10),   3,  2,  1],
]

#crossing x3
agents = [
    [(10, 1),  (10, 18),   1,  2,  1],
    [(1, 10),  (18, 10),   3,  2,  1],
    [(1, 1),   (18, 18),   2,  2,  1]
]

#crowded
agents = [
    [(1, 10),  (18, 10),  2,  2,  1],
    [(18, 10), (1, 10),   4,  2,  1],
    [(10, 1),  (10, 18),  1,  2,  1],
    [(10, 18), (10, 1),   3,  2,  1],
    [(1, 1),   (18, 18),  2,  1,  1]
]
